ArGa genotypes msats and mhc dqbII clones
L1
L2
L3
L4
L5
L6
L7
L8
L9
L10
L11
L12
L13
L14
L15
L16
L17
L18
L19
L20
L21
L22
L23
L24
L25
L26
L27
L28
L29
L30
L31
L32
L33
L34
L35
L36
L37
L38
L39
L40
L41
L42
POP
            W8552W8258mum , 168168 227233 164164 147149 256258 190200 234234 149149 174176 202204 126130 214234 116116 116136 155159 192192 226246 214218 270276 171171 254260 190190 109121 140146 224228 208218 154158 136152 104110 200206 264268 326338 228236 278278 146160 217221 180182 132132 156160 000000 000000 0511
            W8913mum , 168170 227229 164166 149145 234262 186188 234234 149147 176176 204198 132136 234216 118120 126130 149151 192192 246254 216230 260280 153169 268270 194200 115115 140136 224228 204216 154166 146154 114128 200202 258260 338336 236230 272292 142162 221215 180192 130136 154154 208208 272292 0101
            W8913pup , 170178 229237 164166 149145 234260 200188 234238 149149 176178 198206 130136 214234 118124 130128 155149 192194 246254 216248 280280 171169 268270 194194 115115 140142 224228 204214 154176 152146 128112 200202 264258 336330 230240 272280 142162 221215 180182 130128 156154 208206 272280 0606
            W8914mum , 170182 225245 164164 147149 262254 186180 238232 149149 176178 202202 000000 214214 124126 130128 131131 192196 246254 216222 276290 171173 268252 192198 111113 142142 224224 216216 168170 154148 114132 200204 240240 326326 236234 264276 140140 219234 182192 136112 160160 206212 000000 0204
            W8914pup , 168182 225239 164164 149137 262254 200186 238240 149149 176178 202208 130132 214216 124128 136128 151131 196196 226254 222202 280290 173151 268268 190198 115111 136142 224228 216216 166170 152154 132090 200204 260240 326330 236244 264276 160140 219234 182192 136112 156160 000000 276276 0209
            W8915mum , 168168 227245 164164 147149 262260 200188 234236 149149 174178 198196 138140 214234 120128 128128 159147 192196 246250 214216 270280 171171 270262 194194 105119 140136 224224 216216 154176 152156 110132 184198 268256 330332 228236 280280 142156 223223 182182 112124 160154 206204 028280 0415
            W8915pup , 168168 245231 164164 149151 256262 188184 234234 149147 174176 198208 140094 214218 120130 128132 147157 192196 246246 214214 280272 171167 262250 190194 105119 136142 224228 216216 158176 152154 132094 200198 256266 330328 228250 278280 142176 215223 182186 128124 160160 204204 028278 0915
            W8916mum , 168184 237241 164164 147153 256234 188188 234230 149149 176176 202208 132138 234218 122122 136130 157157 194196 250242 216220 280262 171169 268252 190192 115115 146150 224224 218206 176176 152154 110106 200200 266266 326320 236236 286294 140140 221223 182186 132130 150152 208206 286294 1108
            W8920mum , 168170 237231 164166 137151 248252 190186 240236 149149 178178 196200 130136 214214 118124 114140 151153 192192 250258 220220 258268 000000 260262 192196 113113 150134 000000 000000 000000 136154 114106 190196 262262 338320 254254 000000 160140 219225 184184 126138 160154 206206 000000 0303
            W8921mum , 168168 233231 164164 149137 258260 188180 232230 149149 176180 204208 130132 214234 120120 126138 159157 192192 226226 202220 276276 153169 254266 194192 111101 140140 224224 206206 164174 136154 110112 200180 268266 332320 236238 278280 160138 215219 192186 132134 156154 000000 028278 0303
            W8922mum , 166172 237231 164164 147145 234262 182196 240230 149149 176176 202198 126146 214218 116116 128134 149143 192192 246246 214204 264286 171169 260270 198196 115113 136148 224224 216214 164152 136148 104130 200192 258252 326328 244250 264284 160142 221223 182188 130128 156156 000000 286286 0707
            W8922pup , 178166 227237 164166 147145 256262 186196 240236 149149 176176 202194 094146 234218 116120 130128 159149 192194 246254 214220 270286 171169 260260 192196 115105 136142 224224 208214 176152 136150 110130 180192 268258 332328 228250 264276 160140 215223 184188 128128 156154 206204 276276 0107
            W8923mum , 168168 227237 164166 149151 234250 180198 238230 149147 174176 198194 126130 234218 120122 130128 159151 192196 250242 216248 262268 169169 254252 200198 121107 150150 224224 206206 000000 146148 114108 202180 268260 330328 250232 278276 156138 219219 180186 128134 156154 206206 276278 0501
            W8923pup , 168168 227237 164166 147151 256234 188198 238230 149149 174176 198194 126132 234218 120122 128132 159159 196196 254242 216216 260262 169169 252262 200192 121113 136150 224224 206206 176176 154148 090108 200202 268268 332328 236232 276286 162138 215219 182186 132134 154154 206204 276286 0511
            W8924mum , 172176 227233 164164 147137 262252 188180 234238 149147 174176 204208 126138 234218 116124 126132 147153 192196 246254 214248 270268 171171 260268 198188 113107 136142 224224 216216 176164 154150 112100 200202 256262 330334 236232 278272 142138 227229 186186 128124 154152 000000 272278 0104
            W8925mum , 172174 233215 164166 137153 260260 200188 232232 149149 176176 202196 136122 214214 116108 126128 000000 192194 250242 222220 260260 171151 262256 200192 109109 140136 224224 218218 164174 152150 110112 200200 264262 330330 254232 278280 160140 219223 180182 124122 154154 206206 028278 0607
            W8925pup , 168172 233215 166166 149153 262260 200186 238232 149149 174176 196196 130136 214218 116120 126110 155159 192192 246250 222220 260274 169151 262262 190192 109113 136136 224224 000000 170164 146150 110106 200206 264268 326330 236232 278264 160140 219219 180180 136124 156154 206206 000000 0707
            W8927mum , 168174 215219 164166 149153 234262 188188 234234 149149 174176 198198 126132 214218 120122 130114 159131 192196 242258 218248 268274 171171 252256 192196 121121 140140 224230 216206 154176 136150 128106 200180 268240 326326 236236 000000 160142 217225 182190 130124 156160 208206 278282 0103
            W8927pup , 166174 231219 164166 149149 256234 188196 234232 149149 174180 198196 126132 214218 116120 114140 151131 192196 254242 214218 280274 171151 262256 190196 121115 140146 224230 218206 154174 136150 114106 200180 260240 326332 236227 278276 160168 217215 180182 132130 160154 208208 276278 0312
            W8928mum , 168168 229231 164164 147153 258260 190200 236236 149149 176178 202198 126132 214218 116122 126124 159131 192194 246242 248220 258274 171149 266256 198198 121111 140142 224224 204216 166174 152154 114126 200198 268240 338330 240240 276288 140144 217229 182186 130122 160152 208204 276288 0213
            W8928pup , 168178 245231 164164 153153 256260 190186 232236 149149 176176 202204 130132 214214 116120 126130 159153 192194 246254 218220 000000 151149 000000 192198 111113 140142 224224 204206 176174 152148 114108 200198 268262 330330 240244 276288 144148 217227 186194 128122 154152 208206 276288 0102
            W8930mum , 168172 233245 164166 149149 234244 190184 238236 149149 178180 198208 136124 214234 116122 136128 159149 192192 250242 216220 270262 153153 262274 194198 121107 146142 224224 216206 000000 136154 110106 202180 268258 338342 232226 276276 142138 215223 182182 130124 156154 208206 276276 0210
            W8930pup , 170172 233233 164166 149145 234234 190196 234236 149149 174178 208196 136146 214234 116124 130128 155159 192192 254242 220212 270262 153153 270262 194198 111107 146136 224224 206206 000000 136136 000000 000000 000000 000000 000000 000000 000000 000000 180182 000000 154154 206204 000000 0102
            W8931mum , 182182 227233 164164 149149 260260 180198 234234 149147 176180 208194 126136 216212 122122 126110 159151 192196 254250 216248 276258 151151 254258 194198 101117 140136 224224 218216 154176 136146 106126 202204 268260 328334 236240 264306 160142 219229 188190 140140 156152 204204 000000 0518
            W8931pup , 168182 227227 164164 147149 260260 188198 234236 149147 176180 196194 132136 212220 116122 126130 159131 192194 250250 216220 276274 171151 258264 190194 121117 140136 224224 218216 176152 136146 094106 200202 268240 338334 236234 280306 146160 227229 186190 122140 156140 000000 000000 0511
            W8933mum , 182174 233245 164164 151153 260244 190196 234238 149147 178180 198196 132132 234236 118114 132132 155131 192192 246246 214224 276258 169151 260256 190194 115111 140140 224224 214206 170162 154148 112112 206180 264240 332340 244232 280276 162138 219225 186184 124140 154164 208206 028276 1717
            W8933pup , 168174 245231 164164 137151 260244 196196 234238 149149 176180 196200 132146 218236 128114 130132 149131 192192 246246 220224 270258 151149 260258 190194 115111 140150 224224 000000 000000 136148 112108 206188 258240 332324 236244 000000 138170 219223 182184 124122 154164 208206 000000 0115
            W8935mum , 168176 233245 164164 147149 262260 186196 234238 149149 176178 200200 132094 234220 116116 130130 147157 196196 254250 214212 290262 171153 270262 194196 113113 140140 224224 216216 176174 146150 106126 206204 256266 330328 230240 264276 146138 219223 184184 128122 160154 206206 276276 0602
            W8935pup , 168168 227233 164166 147149 262252 186194 234236 149149 176176 196200 130132 234218 116122 130124 131157 196196 254254 214220 290262 153173 270262 196188 113119 140138 000000 000000 176148 136150 000000 204180 240266 336330 240254 264276 146160 219219 192184 136128 154162 206212 000000 0602
            W8936mum , 166172 245245 164164 145153 260266 180182 230230 149147 176180 202204 130130 216218 130122 126134 155149 192194 246254 230220 260264 171169 254270 190196 109121 146136 224230 218206 157171 154156 000000 200198 264258 326338 230244 276300 142156 219223 180182 128134 000000 208212 276202 0101
            W8937mum , 168168 237245 164166 149143 256266 196178 236230 149147 176176 202204 130142 234218 124114 132114 149151 192192 254242 214212 270260 153169 254270 190188 113113 140136 224224 208216 176156 146154 094106 198180 258260 336320 234250 278294 160170 225225 182182 128128 160154 206214 278294 1214
            W8937pup , 168168 229245 164164 149153 256256 180178 234230 149147 176180 202204 130146 234212 116124 116132 149131 192192 246242 214220 260286 153169 254262 196188 115113 140142 224224 218216 148156 152146 112094 202180 258240 336332 234246 264294 160138 221225 182182 132128 156154 208206 294294 0114
            W8939mum , 182176 239231 164164 147151 248250 200198 238240 149147 176178 206206 130136 214236 128122 132134 151131 192192 250250 220220 260274 171169 000000 190202 113105 136142 000000 000000 000000 136154 000000 206196 260240 326328 228236 278272 160138 223223 182184 128138 154166 206206 000000 0209
POP
            W8565pup , 168168 227233 164164 149149 262252 180198 234234 149147 174178 194194 132094 214220 130122 126128 151151 192192 242242 214210 272274 171169 260270 194198 105107 150148 224224 218216 176164 146156 112106 206202 260260 326338 230248 278276 142140 219225 192186 128138 156154 208204 276278 0407
            W8568pup , 168166 245231 166166 147147 234244 186180 240220 149149 176178 204198 138094 214234 120124 116140 155151 192196 246246 222222 268274 171151 254262 190198 109105 140142 224224 208206 164148 146154 106106 200202 264260 326340 228226 276276 160144 223223 182182 130130 156156 208206 276276 0403
            W8569mum , 166172 225245 164166 147143 258258 184196 234238 149149 176178 204204 136124 212220 122132 130102 155155 192192 246250 248220 276262 171173 268262 190198 107107 140136 224224 206206 178178 146156 104094 204180 264264 326340 236232 276294 160142 223225 182182 132124 156154 208206 276294 0210
            W8569pup , 168184 229241 164164 149151 234262 186196 232230 149149 176178 208194 126132 214214 122122 126140 159161 192192 242242 222212 276282 171169 274264 198198 115111 140140 224224 218204 000000 146148 094108 196192 268270 326328 254226 278276 156170 221221 180188 130124 156154 208206 276278 0810
            W8570mum , 168176 245245 164164 147147 258258 184198 234240 149149 176180 204200 126132 214218 124108 132140 155149 192196 254254 248220 270268 171153 270258 190196 115101 146148 224224 216216 176152 136154 114126 200180 264258 328328 236250 272264 160142 217219 180188 132122 156156 206204 272272 0512
            W8570pup , 166176 237245 164164 147151 258258 188198 234234 149149 176180 204198 130132 214218 108114 128140 155131 192192 246254 248246 270276 153169 266258 190198 101107 146138 224224 216216 168152 136136 104126 180192 264240 326328 236250 272264 142142 219229 182188 132122 156156 206212 272272 0501
            W8571pup , 168168 233237 164166 147149 258260 186180 234230 149147 176180 202200 130132 214214 124128 114112 149131 196196 254250 214212 262268 171153 262250 194188 113101 140140 224230 216216 000000 152154 106100 206180 258240 326334 240226 278276 160160 223225 180182 132128 156152 206206 276278 0707
            W8572mum , 168166 233219 164164 145153 234248 186182 236236 149149 176180 204194 126138 234218 118122 136130 147157 192194 246242 248222 276276 171171 252258 190194 121115 140144 224224 218216 164180 154150 112108 200204 256266 336330 228250 278278 160142 219225 180182 130138 154168 208206 278278 0115
            W8572pup , 168168 227219 164164 149153 260248 200186 232236 149147 176180 204194 136138 216218 118126 136134 159147 194196 246242 222222 276278 171151 254258 190194 121105 140150 224224 218206 158180 146150 112090 200180 268256 326336 228228 278294 142138 225225 182190 128138 162168 208206 278294 0119
            W8573mum , 168168 237225 164166 149137 260260 190188 230220 149147 174176 204210 126146 218212 130122 116128 155131 192192 254250 222204 270280 171169 262266 198202 115113 000000 224224 208206 176176 148156 094094 200202 264240 326324 244232 264264 138144 219219 180186 140140 160154 208206 000000 0810
            W8573pup , 168168 233225 164164 149149 256260 190198 234220 149147 174174 204204 146124 218212 122122 116128 155149 192192 246250 222212 270280 171151 270266 190198 113107 140140 224224 208216 176176 148156 110094 200200 264258 324324 244232 264300 142144 219225 180182 128140 154154 206206 202202 0210
            W8574mum , 168166 225231 164164 147149 258254 188184 234238 149147 178180 206200 132124 214212 118118 126126 151143 192196 246254 216220 280268 171151 268270 190198 109105 136136 224224 216206 176170 152154 114090 204180 260252 330324 230230 280294 160156 215219 180182 132112 160154 208206 280294 0604
            W8574pup , 168182 227225 164164 147149 258262 200184 234238 149147 174180 204200 132136 216212 118126 126128 159143 192196 254242 216222 280274 171169 254270 190190 109115 136142 224224 216206 158170 146154 114090 180180 268252 338330 228230 278294 160160 215223 180190 132128 160162 208206 278294 0409
            W8576mum , 166172 237245 164166 147151 258254 188180 234230 149147 174174 194194 132136 234218 128114 140110 159157 192196 246246 216212 270280 169169 266258 190188 113101 140144 224224 218216 170148 136154 114112 200200 268266 326326 236226 272280 160170 223225 182182 132112 156162 208204 272280 1616
            W8576pup , 170166 227245 164164 147149 258260 180196 234238 149147 174176 204194 130136 214218 120128 114140 131157 196196 246246 220212 280258 000000 262258 192188 115101 136144 224224 218218 166148 146154 114112 200196 240266 326326 236254 278280 140170 221223 182186 132134 156154 000000 028278 1108
            W8577pup , 168176 233233 164166 147147 258260 186188 234244 149149 176178 202198 132124 214220 124126 128100 159151 192192 254242 220220 260280 171169 254270 190200 111113 136142 224224 218206 174180 154156 112112 202204 268260 332334 234226 272264 142156 223225 182186 132140 156160 206206 272272 0808
            W8578mum , 168168 227215 164166 147145 256250 190180 230220 149147 174178 202202 130132 214234 116120 126130 159159 192192 242258 214216 276260 173151 252262 194200 101107 140138 224224 216206 154178 136146 090108 200202 268268 332324 236250 276294 160144 219223 182182 112126 154158 206206 276294 0803
            W8578pup , 168168 237215 164164 147149 256260 180180 238230 149147 174178 202206 130132 234234 120122 126130 155159 192194 254258 214220 276272 141163 268252 190200 101107 140138 224224 216206 154178 146146 104090 202198 264268 330332 244250 276294 160160 219234 182182 126118 156158 206206 276294 0810
            W8580mum , 168184 233237 164164 151151 260244 186180 234232 149147 176176 202216 132132 214234 116122 130110 151151 192192 246250 214216 276264 171151 252262 190190 121115 140150 000000 000000 000000 136136 114126 204204 260260 336328 254254 294288 138138 219223 180184 124122 154154 206206 000000 0113
            W8581mum , 184172 245231 164166 149153 260266 186196 238232 149149 176176 198194 132128 234218 122108 116132 155149 192194 246254 216220 258286 169169 270258 198196 115119 140146 224224 218216 174148 146150 110090 200180 264258 336336 240254 294294 146138 219225 180184 130128 154152 206206 294294 0501
            W8582mum , 168168 227219 164164 147149 258262 186180 234240 149149 176180 196196 138138 234216 116128 130114 155159 192192 250242 248220 276262 169151 270252 192188 109115 140136 224224 216214 000000 152146 106108 200202 264268 326320 240254 276284 160160 223225 182182 128138 166168 208208 276276 0107
            W8583mum , 182176 227245 166166 149143 258260 198198 234238 149147 176178 204200 130132 214234 120128 126128 159131 192196 246242 214220 268264 169151 000000 190198 000000 140142 224228 218206 154176 136156 112090 200186 268240 326324 240246 280276 140138 217217 182184 130134 156154 208204 028276 0909
            W8585mum , 178182 245231 164166 149145 262260 190180 238230 149147 000000 204198 146128 214220 118122 136130 159131 192192 246246 202212 260280 153169 270258 200204 115105 146142 224226 218206 000000 136154 106106 180180 268240 326330 236244 278276 142140 221225 182186 128134 154164 208206 276278 0103