Seal Scent Beach Comparison
L1
L2
L3
L4
L5
L6
L7
L8
L9
L10
L11
L12
L13
L14
L15
L16
L17
L18
L19
L20
L21
L22
L23
L24
L25
L26
L27
L28
L29
L30
L31
L32
L33
L34
L35
L36
L37
L38
L39
L40
L41
POP
            M15 , 168182 227229 164164 149151 234234 190196 232238 147149 176176 194202 126132 214220 122128 124126 155161 192196 242254 212214 272276 171171 262264 198198 115115 140146 224224 204216 152176 146146 108108 192202 264270 326340 226230 276278 138156 215221 180192 130130 154160 206208 276278 
            M19 , 168176 245245 164164 147147 258258 184198 234240 149149 176180 200204 126132 214218 108124 132140 149155 192196 254254 220248 268270 153171 258270 190196 101115 146148 224224 216216 152176 136154 114126 180200 258264 328328 236250 264272 142160 217219 180188 122132 156156 204206 272272 
             M2 , 170186 227245 164166 145147 234262 188200 230234 000000 176178 194208 136140 234234 116124 128134 131151 192192 246250 214220 268270 153169 254270 190200 109111 136140 224230 206218 000000 136146 094110 180206 240260 332332 228236 276284 142160 215223 180184 124130 152154 206208 276284 
            M26 , 168170 233245 164164 149149 256258 180182 230230 147147 176176 200202 126130 214218 124126 114132 149157 192196 250250 214216 268268 151153 262270 194198 101113 140140 230230 216218 154172 152154 100108 200206 258266 324334 226230 276278 140160 223225 182188 132132 152156 000000 276278 
            M27 , 166168 219233 164164 145153 234248 182186 236236 149149 176180 194204 126138 218234 118122 130136 147157 192194 242246 222248 276276 171171 252258 190194 115121 140144 224224 216218 164180 150154 108112 200204 256266 330336 228250 278278 142160 219225 180182 130138 154168 206208 278278 
            M28 , 168168 225237 164166 137149 260260 188190 220230 147149 174176 204210 126146 212218 122130 116128 131155 192192 250254 204222 270280 169171 262266 198202 113115 000000 224224 206208 176176 148156 094094 200202 240264 324326 232244 264264 138144 219219 180186 140140 154160 206208 000000 
            M29 , 166168 225231 164164 147149 254258 184188 234238 147149 178180 200206 124132 212214 118118 126126 143151 192196 246254 216220 268280 151171 268270 190198 105109 136136 224224 206216 170176 152154 090114 180204 252260 324330 230230 280294 156160 215219 180182 112132 154160 206208 280294 
             M3 , 168170 233233 164166 137149 252258 180188 234238 147149 176178 194204 130132 212214 120122 128130 141151 192192 242246 210222 258272 151171 260268 192198 107111 146150 224224 206218 168176 146156 106110 198202 250260 320326 230230 278280 140142 219225 180186 124138 156156 204206 278280 
            M37 , 166172 237245 164166 147151 254258 180188 230234 147149 174174 194194 132136 218234 114128 110140 157159 192196 246246 212216 270280 169169 258266 188190 101113 140144 224224 216218 148170 136154 112114 200200 266268 326326 226236 272280 160170 223225 182182 112132 156162 204208 272280 
             M4 , 168176 229237 164166 149149 248256 188198 234240 149149 174176 202202 132138 214214 124128 102136 149149 192196 246254 214216 268276 169171 258274 190200 113119 136140 224230 204208 170176 154154 110112 200200 258258 320328 232254 278302 140156 221225 184194 132138 154156 206208 278300 
            M40 , 172176 233237 164166 147147 250258 180186 234244 149149 178178 202204 124126 218220 126130 128134 151151 192194 242242 202220 264280 153169 270270 190192 105113 136140 224224 206218 000000 136156 112114 200202 260260 324334 226248 272278 142160 223223 186186 124132 154156 000000 000000 
            M41 , 168168 215227 164166 145147 250256 180190 220230 147149 174178 202202 130132 214234 116120 126130 159159 192192 242258 214216 260276 151173 252262 194200 101107 138140 224224 206216 154178 136146 090108 200202 268268 324332 236250 276294 144160 219223 182182 112126 154158 206206 276294 
            M43 , 168184 233237 164164 151151 244260 180186 232234 147149 176176 202216 132132 214234 116122 110130 151151 192192 246250 214216 264276 151171 252262 190190 115121 140150 000000 000000 000000 136136 114126 204204 260260 328336 254254 288294 138138 219223 180184 122124 154154 206206 000000 
            M44 , 172184 231245 164166 149153 260266 186196 232238 149149 176176 194198 128132 218234 108122 116132 149155 192194 246254 216220 258286 169169 258270 196198 115119 140146 224224 216218 148174 146150 090110 180200 258264 336336 240254 294294 138146 219225 180184 128130 152154 206206 294294 
            M45 , 168168 219227 164164 147149 258262 180186 234240 149149 176180 196196 138138 216234 116128 114130 155159 192192 242250 220248 262276 151169 252270 188192 109115 136140 224224 214216 000000 146152 106108 200202 264268 320326 240254 276284 160160 223225 182182 128138 166168 208208 276276 
            M46 , 176182 227245 166166 143149 258260 198198 234238 147149 176178 200204 130132 214234 120128 126128 131159 192196 242246 214220 264268 151169 000000 190198 000000 140142 224228 206218 154176 136156 090112 186200 240268 324326 240246 276280 138140 217217 182184 130134 154156 204208 276280 
            M47 , 170178 215245 164164 145151 248260 184200 234240 147147 176176 198204 130138 214216 122130 116126 131151 196196 242242 216216 260274 169169 262270 190190 113121 136140 224230 206214 000000 152156 094126 180202 240260 330336 234244 264288 164170 219227 182186 126126 156156 206206 000000 
            M48 , 178182 231245 164166 145149 260262 180190 230238 147149 000000 198204 128146 214220 118122 136130 131159 192192 246246 202212 260280 153169 258270 200204 105115 142146 224226 206218 000000 136154 106106 180180 240268 326330 236244 276278 140142 221225 182186 128134 154164 206208 276278 
             M5 , 166172 225245 164166 143147 258258 184196 234238 149149 176178 204204 124136 212220 122132 102130 155155 192192 246250 220248 262276 171173 262268 190198 107107 136140 224224 206206 178178 146156 094104 180204 264264 326340 232236 276294 142160 223225 182182 124132 154156 206208 276294 
             M9 , 168186 215231 164166 147149 244244 186198 234240 147149 176180 204206 132138 220234 120128 126140 153155 192192 246246 222222 274274 171171 254260 190198 105113 140150 224224 208216 000000 146154 100106 200202 262264 330340 228228 264276 142144 221223 182184 124130 154156 208208 276276 
            P15 , 168184 229241 164164 149151 234262 186196 230232 149149 176178 194208 126132 214214 122122 126140 159161 192192 242242 212222 276282 169171 264274 198198 111115 140140 224224 204218 000000 146148 094108 192196 268270 326328 226254 276278 156170 221221 180188 124130 154156 206208 276278 
            P19 , 166176 237245 164164 147151 258258 188198 234234 149149 176180 198204 130132 214218 108114 128140 131155 192192 246254 246248 270276 153169 258266 190198 101107 138146 224224 216216 152168 136136 104126 180192 240264 326328 236250 264272 142142 219229 182188 122132 156156 206212 272272 
             P2 , 168170 227233 164166 145147 234234 186200 234234 149149 174178 000000 124140 214234 116122 116128 000000 196196 246250 214222 268290 000000 254270 190190 107111 136140 224228 216218 000000 000000 110110 206206 240260 320332 230240 284292 142160 215225 182184 130130 154160 206208 284292 
            P26 , 168168 233237 164166 147149 258260 180186 230234 147149 176180 200202 130132 214214 124128 112114 131149 196196 250254 212214 262268 153171 250262 188194 101113 140140 224230 216216 000000 152154 100106 180206 240258 326334 226240 276278 160160 223225 180182 128132 152156 206206 276278 
            P27 , 168168 219227 164164 149153 248260 186200 232236 147149 176180 194204 136138 216218 118126 134136 147159 194196 242246 222222 276278 151171 254258 190194 105121 140150 224224 206218 158180 146150 090112 180200 256268 326336 228228 278294 138142 225225 182190 128138 162168 206208 278294 
            P28 , 168168 225233 164164 149149 256260 190198 220234 147149 174174 204204 124146 212218 122122 116128 149155 192192 246250 212222 270280 151171 266270 190198 107113 140140 224224 208216 176176 148156 094110 200200 258264 324324 232244 264300 142144 219225 180182 128140 154154 206206 202202 
            P29 , 168182 225227 164164 147149 258262 184200 234238 147149 174180 200204 132136 212216 118126 126128 143159 192196 242254 216222 274280 169171 254270 190190 109115 136142 224224 206216 158170 146154 090114 180180 252268 330338 228230 278294 160160 215223 180190 128132 160162 206208 278294 
             P3 , 168168 227233 164164 149149 252262 180198 234234 147149 174178 194194 094132 214220 122130 126128 151151 192192 242242 210214 272274 169171 260270 194198 105107 148150 224224 216218 164176 146156 106112 202206 260260 326338 230248 276278 140142 219225 186192 128138 154156 204208 276278 
            P37 , 166170 227245 164164 147149 258260 180196 234238 147149 174176 194204 130136 214218 120128 114140 131157 196196 246246 212220 258280 000000 258262 188192 101115 136144 224224 218218 148166 146154 112114 196200 240266 326326 236254 278280 140170 221223 182186 132134 154156 000000 278280 
             P4 , 176176 215229 164164 137149 248262 190198 234244 149149 174180 202206 132138 214216 120124 102126 149155 192192 246254 202216 276278 171173 262274 194200 113113 140140 224224 204216 170176 154154 110112 192200 258264 320320 232248 280302 156160 225225 182194 130138 154156 206206 280300 
            P40 , 168176 233233 164166 147147 258260 186188 234244 149149 176178 198202 124132 214220 124126 100128 151159 192192 242254 220220 260280 169171 254270 190200 111113 136142 224224 206218 174180 154156 112112 202204 260268 332334 226234 264272 142156 223225 182186 132140 156160 206206 272272 
            P41 , 168168 215237 164164 147149 256260 180180 230238 147149 174178 202206 130132 234234 120122 126130 155159 192194 254258 214220 272276 141163 252268 190200 101107 138140 224224 206216 154178 146146 090104 198202 264268 330332 244250 276294 160160 219234 182182 118126 156158 206206 276294 
            P43 , 168186 233245 164164 137151 260260 188200 240240 147149 176178 196198 132134 212234 116126 110134 155155 192192 246254 214222 276286 169171 262270 194198 101115 138140 224224 206206 000000 136136 090134 200204 264264 332340 230250 280302 156168 221223 182182 122126 160160 204208 280300 
            P44 , 174184 237245 164164 149153 248266 196198 236238 149149 174176 194196 128130 218218 108116 116130 149157 192194 246254 202216 286290 153169 258258 190196 111119 140146 224224 204216 148148 144146 090110 180200 258266 326336 236240 278294 138160 217219 180186 128138 154154 206208 278294 
            P45 , 168168 219245 164164 147149 256258 180188 234244 149149 176180 196196 138140 214234 116128 114134 159159 192192 246250 220248 262262 169169 262270 192198 101109 136150 224224 214218 174176 146152 090106 186200 268268 320328 240254 272276 156160 221225 182182 124138 154166 206208 272276 
            P46 , 176186 231245 164166 149149 250260 188198 234234 147149 176178 198200 132146 214214 120124 126128 157159 192196 246250 220222 268276 151169 266276 190198 113115 140144 224224 218218 176176 152156 090106 200202 266268 326336 234240 280288 138160 217223 180182 128134 156162 204204 280288 
            P47 , 166170 215239 164166 137145 248254 200200 232234 147149 176180 198200 130132 214216 116122 116132 151159 192196 242246 216216 262274 169171 258270 190194 000000 140140 230230 214218 000000 136156 106126 180186 260268 324330 234244 284288 160170 219223 182186 112126 156160 206206 284288 
            P48 , 166178 231233 164166 149149 262262 180198 230238 147149 174176 198204 126146 214220 122130 126140 131157 192192 242246 202214 280286 169169 256258 194204 105105 140142 224224 206216 176178 146154 094106 180206 240266 330338 236248 276278 140142 219221 182186 128128 154154 204208 276278 
             P5 , 166166 225229 164166 147147 258262 184190 234238 149149 174176 198204 132136 212218 120132 124130 131155 192196 242246 220248 270276 169171 268268 190190 105107 136146 224224 206206 148178 150156 094104 200204 240264 338340 236248 276276 142160 221223 182186 124128 154154 208208 276276 
             P9 , 166168 231245 166166 147147 234244 180186 220240 149149 176178 198204 094138 214234 120124 116140 151155 192196 246246 222222 268274 151171 254262 190198 105109 140142 224224 206208 148164 146154 106106 200202 260264 326340 226228 276276 144160 223223 182182 130130 156156 206208 276276 
POP
            M10 , 168184 237241 164164 147153 234256 188188 230234 149149 176176 202208 132138 218234 122122 130136 157157 194196 242250 216220 262280 169171 252268 190192 115115 146150 224224 206218 176176 152154 106110 200200 266266 320326 236236 286294 140140 221223 182186 130132 150152 206208 286294 
            M12 , 168168 233233 164164 147149 250262 196198 230238 147149 178178 206206 122138 220234 116126 126132 151159 194194 246254 220248 276276 151169 254274 194202 105107 136140 224224 206208 158168 148152 090106 180206 260268 332340 228234 278280 160160 215225 182186 128130 154160 204208 278280 
            M14 , 168170 231237 164166 137151 248252 186190 236240 149149 178178 196200 130136 214214 118124 114140 151153 192192 250258 220220 258268 000000 260262 192196 113113 134150 000000 000000 000000 136154 106114 190196 262262 320338 254254 000000 140160 219225 184184 126138 154160 206206 000000 
            M16 , 168168 231233 164164 137149 258260 180188 230232 149149 176180 204208 130132 214234 120120 126138 157159 192192 226226 202220 276276 153169 254266 192194 101111 140140 224224 206206 164174 136154 110112 180200 266268 320332 236238 278280 138160 215219 186192 132134 154156 000000 278280 
            M17 , 166172 231237 164164 145147 234262 182196 230240 149149 176176 198202 126146 214218 116116 128134 143149 192192 246246 204214 264286 169171 260270 196198 113115 136148 224224 214216 152164 136148 104130 192200 252258 326328 244250 264284 142160 221223 182188 128130 156156 000000 286286 
            M18 , 168168 227237 164166 149151 234250 180198 230238 147149 174176 194198 126130 218234 120122 128130 151159 192196 242250 216248 262268 169169 252254 198200 107121 150150 224224 206206 000000 146148 108114 180202 260268 328330 232250 276278 138156 219219 180186 128134 154156 206206 276278 
            M20 , 172176 227233 164164 137147 252262 180188 234238 147149 174176 204208 126138 218234 116124 126132 147153 192196 246254 214248 268270 171171 260268 188198 107113 136142 224224 216216 164176 150154 100112 200202 256262 330334 232236 272278 138142 227229 186186 124128 152154 000000 272278 
            M21 , 172174 215233 164166 137153 260260 188200 232232 149149 176176 196202 122136 214214 108116 126128 000000 192194 242250 220222 260260 151171 256262 192200 109109 136140 224224 218218 164174 150152 110112 200200 262264 330330 232254 278280 140160 219223 180182 122124 154154 206206 278280 
            M23 , 168174 215219 164166 149153 234262 188188 234234 149149 174176 198198 126132 214218 120122 114130 131159 192196 242258 218248 268274 171171 252256 192196 121121 140140 224230 206216 154176 136150 106128 180200 240268 326326 236236 000000 142160 217225 182190 124130 156160 206208 278282 
            M24 , 168168 229231 164164 147153 258260 190200 236236 149149 176178 198202 126132 214218 116122 124126 131159 192194 242246 220248 258274 149171 256266 198198 111121 140142 224224 204216 166174 152154 114126 198200 240268 330338 240240 276288 140144 217229 182186 122130 152160 204208 276288 
            M25 , 168168 227233 164164 147149 256258 190200 234234 149149 174176 202204 126130 214234 116116 116136 155159 192192 226246 214218 270276 171171 254260 190190 109121 140146 224228 208218 154158 136152 104110 200206 264268 326338 228236 278278 146160 217221 180182 132132 156160 000000 000000 
            M30 , 168172 233245 164166 149149 234244 184190 236238 149149 178180 198208 124136 214234 116122 128136 149159 192192 242250 216220 262270 153153 262274 194198 107121 142146 224224 206216 000000 136154 106110 180202 258268 338342 226232 276276 138142 215223 182182 124130 154156 206208 276276 
            M31 , 182182 227233 164164 149149 260260 180198 234234 147149 176180 194208 126136 212216 122122 110126 151159 192196 250254 216248 258276 151151 254258 194198 101117 136140 224224 216218 154176 136146 106126 202204 260268 328334 236240 264306 142160 219229 188190 140140 152156 204204 000000 
            M33 , 174182 233245 164164 151153 244260 190196 234238 147149 178180 196198 132132 234236 114118 132132 131155 192192 246246 214224 258276 151169 256260 190194 111115 140140 224224 206214 162170 148154 112112 180206 240264 332340 232244 276280 138162 219225 184186 124140 154164 206208 276280 
            M35 , 168176 233245 164164 147149 260262 186196 234238 149149 176178 200200 094132 220234 116116 130130 147157 196196 250254 212214 262290 153171 262270 194196 113113 140140 224224 216216 174176 146150 106126 204206 256266 328330 230240 264276 138146 219223 184184 122128 154160 206206 276276 
            M36 , 166172 245245 164164 145153 260266 180182 230230 147149 176180 202204 130130 216218 122130 126134 149155 192194 246254 220230 260264 169171 254270 190196 109121 136146 224230 206218 157171 154156 000000 198200 258264 326338 230244 276300 142156 219223 180182 128134 000000 208212 276202 
            M38 , 168168 237245 164166 143149 256266 178196 230236 147149 176176 202204 130142 218234 114124 114132 149151 192192 242254 212214 260270 153169 254270 188190 113113 136140 224224 208216 156176 146154 094106 180198 258260 320336 234250 278294 160170 225225 182182 128128 154160 206214 278294 
            M39 , 176182 231239 164164 147151 248250 198200 238240 147149 176178 206206 130136 214236 122128 132134 131151 192192 250250 220220 260274 169171 000000 190202 105113 136142 000000 000000 000000 136154 000000 196206 240260 326328 228236 272278 138160 223223 182184 128138 154166 206206 000000 
             M6 , 168170 227229 164166 145149 234262 186188 234234 147149 176176 198204 132136 216234 118120 126130 149151 192192 246254 216230 260280 153169 268270 194200 115115 136140 224228 204216 154166 146154 114128 200202 258260 336338 230236 272292 142162 215221 180192 130136 154154 208208 272292 
             M7 , 170182 225245 164164 147149 254262 180186 232238 149149 176178 202202 000000 214214 124126 128130 131131 192196 246254 216222 276290 171173 252268 192198 111113 142142 224224 216216 168170 148154 114132 200204 240240 326326 234236 264276 140140 219234 182192 112136 160160 206212 000000 
             M8 , 168168 227245 164164 147149 260262 188200 234236 149149 174178 196198 138140 214234 120128 128128 147159 192196 246250 214216 270280 171171 262270 194194 105119 136140 224224 216216 154176 152156 110132 184198 256268 330332 228236 280280 142156 223223 182182 112124 154160 204206 280280 
            P10 , 168184 235237 164164 147149 234248 188198 234236 149149 176178 198208 130132 214234 122128 130130 157157 192196 242250 214216 274280 169171 262268 192198 101115 142150 224226 206218 170176 154154 106110 200200 266266 320328 236240 288294 140142 219223 186186 130138 150160 206206 000000 
            P12 , 168172 233245 164164 149153 250250 196198 230238 149149 178180 200206 126138 214220 116122 000000 159159 196196 246246 220248 276290 169169 254262 190202 107115 140142 224230 206206 000000 136148 090114 180198 268268 326332 234244 280294 140160 215219 180186 124130 150160 204206 280294 
            P14 , 168176 237237 164166 149151 234252 190196 234236 149149 176178 196200 136136 214234 118128 114132 153153 192192 246250 212220 258264 167169 260268 192194 113113 140150 224224 206206 000000 136154 106108 190196 262262 320338 250254 272294 138160 215219 182184 126130 154160 206208 272294 
            P16 , 168168 231245 164164 149153 256260 180180 230230 149149 176180 208208 132132 214218 120128 124138 000000 000000 000000 202216 260276 169169 254262 192194 101113 140150 224224 206218 148174 154154 104112 180200 264268 320332 236240 278284 160162 215219 182186 132134 154154 000000 278286 
            P17 , 166178 227237 164166 145147 256262 186196 236240 149149 176176 194202 094146 218234 116120 128130 149159 192194 246254 214220 270286 169171 260260 192196 105115 136142 224224 208214 152176 136150 110130 180192 258268 328332 228250 264276 140160 215223 184188 128128 154156 204206 276276 
            P18 , 168168 227237 164166 147151 234256 188198 230238 149149 174176 194198 126132 218234 120122 128132 159159 196196 242254 216216 260262 169169 252262 192200 113121 136150 224224 206206 176176 148154 090108 200202 268268 328332 232236 276286 138162 215219 182186 132134 154154 204206 276286 
            P20 , 172178 227233 164164 137149 252256 186188 232238 149149 174178 204208 130138 216218 116120 130132 151153 192196 246254 220248 262268 169171 260268 188192 107107 136140 224224 206216 176176 154156 100108 200200 260262 330330 232254 272288 138148 219227 186194 124128 154154 000000 272288 
            P21 , 168172 215233 166166 149153 260262 186200 232238 149149 174176 196196 130136 214218 116120 110126 155159 192192 246250 220222 260274 151169 262262 190192 109113 136136 224224 000000 164170 146150 106110 200206 264268 326330 232236 264278 140160 219219 180180 124136 154156 206206 000000 
            P23 , 166174 219231 164166 149149 234256 188196 232234 149149 174180 196198 126132 214218 116120 114140 131151 192196 242254 214218 274280 151171 256262 190196 115121 140146 224230 206218 154174 136150 106114 180200 240260 326332 227236 276278 160168 215217 180182 130132 154160 208208 276278 
            P24 , 168178 231245 164164 153153 256260 186190 232236 149149 176176 202204 130132 214214 116120 126130 153159 192194 246254 218220 000000 149151 000000 192198 111113 140142 224224 204206 174176 148152 108114 198200 262268 330330 240244 276288 144148 217227 186194 122128 152154 206208 276288 
            P25 , 000000 000000 000000 000000 000000 000000 000000 149149 176176 204208 126130 214218 000000 000000 155159 192196 000000 216218 260276 000000 254262 190200 113121 136140 000000 000000 000000 000000 090110 202206 000000 000000 000000 000000 000000 000000 182182 128132 150156 204204 000000 
            P30 , 170172 233233 164166 145149 234234 190196 234236 149149 174178 196208 136146 214234 116124 128130 155159 192192 242254 212220 262270 153153 262270 194198 107111 136146 224224 206206 000000 136136 000000 000000 000000 000000 000000 000000 000000 000000 180182 000000 154154 204206 000000 
            P31 , 168182 227227 164164 147149 260260 188198 234236 147149 176180 194196 132136 212220 116122 126130 131159 192194 250250 216220 274276 151171 258264 190194 117121 136140 224224 216218 152176 136146 094106 200202 240268 334338 234236 280306 146160 227229 186190 122140 140156 000000 000000 
            P33 , 168174 231245 164164 137151 244260 196196 234238 149149 176180 196200 132146 218236 114128 130132 131149 192192 246246 220224 258270 149151 258260 190194 111115 140150 224224 000000 000000 136148 108112 188206 240258 324332 236244 000000 138170 219223 182184 122124 154164 206208 000000 
            P35 , 168168 227233 164166 147149 252262 186194 234236 149149 176176 196200 130132 218234 116122 124130 131157 196196 254254 214220 262290 153173 262270 188196 113119 138140 000000 000000 148176 136150 000000 180204 240266 330336 240254 264276 146160 219219 184192 128136 154162 206212 000000 
            P36 , 168172 237245 164166 145153 258260 182200 230240 149149 176178 202204 130140 216218 128130 126136 149151 192196 246254 202220 260280 169169 268270 190196 109115 136136 224230 206216 166170 138156 090090 198200 258260 328338 244244 276278 138156 219221 180194 122134 154154 206212 276278 
            P38 , 168168 229245 164164 149153 256256 178180 230234 147149 176180 202204 130146 212234 116124 116132 131149 192192 242246 214220 260286 153169 254262 188196 113115 140142 224224 216218 148156 146152 094112 180202 240258 332336 234246 264294 138160 221225 182182 128132 154156 206208 294294 
            P39 , 176176 219231 164164 147149 248262 188200 238240 147149 176178 000000 128136 214214 000000 126132 131155 192192 000000 214220 260274 153171 258268 190196 113113 142142 224224 206218 000000 136156 000000 200206 240264 326328 234236 272278 138140 223225 182184 124138 000000 000000 272278 
             P6 , 170178 229237 164166 145149 234260 188200 234238 149149 176178 198206 130136 214234 118124 128130 149155 192194 246254 216248 280280 169171 268270 194194 115115 140142 224228 204214 154176 146152 112128 200202 258264 330336 230240 272280 142162 215221 180182 128130 154156 206208 272280 
             P7 , 168182 225239 164164 137149 254262 186200 238240 149149 176178 202208 130132 214216 124128 128136 131151 196196 226254 202222 280290 151173 268268 190198 111115 136142 224228 216216 166170 152154 090132 200204 240260 326330 236244 264276 140160 219234 182192 112136 156160 000000 276276 
             P8 , 168168 231245 164164 149151 256262 184188 234234 147149 174176 198208 094140 214218 120130 128132 147157 192196 246246 214214 272280 167171 250262 190194 105119 136142 224228 216216 158176 152154 094132 198200 256266 328330 228250 278280 142176 215223 182186 124128 160160 204204 278280 